169 88 2
169 64 8
169 182 4
169 143 5
169 203 2
169 192 2
169 23 5
169 116 1
169 139 15
169 157 10
169 106 4
169 115 11
169 231 2
169 96 1
169 201 6
169 193 3
169 29 11
169 185 1
169 202 3
169 71 4
169 164 2
169 142 1
169 19 17
169 14 2
169 0 2
169 175 4
169 210 1
169 61 1
88 188 1
88 30 1
88 232 8
88 219 4
88 233 2
88 64 1
4 128 1
4 22 1
4 25 3
4 29 2
4 141 6
4 145 1
4 1 9
4 14 1
4 5 1
4 12 1
4 16 2
4 142 2
128 130 2
128 127 2
128 129 1
128 3 2
17 58 1
17 85 2
17 261 7
17 5 1
17 14 2
17 0 4
17 84 5
17 68 9
17 72 1
17 40 2
17 133 1
17 96 3
58 104 2
58 61 1
58 70 3
58 47 2
58 107 1
58 69 1
58 64 2
19 0 7
19 186 3
19 14 1
19 208 9
19 106 18
19 217 1
19 96 1
19 1 2
19 20 1
19 157 4
19 113 1
19 91 1
19 29 3
19 188 1
19 206 1
19 149 6
19 183 4
19 5 1
19 61 3
19 182 1
0 14 9
0 144 1
0 11 8
0 106 2
0 25 2
0 55 3
0 115 2
0 143 13
0 28 12
0 176 3
0 1 37
0 175 1
0 13 2
0 26 1
0 12 17
0 23 1
0 7 2
0 16 13
0 2 15
0 96 1
0 116 1
0 179 2
0 119 1
0 174 1
0 5 2
0 61 3
0 182 1
0 29 1
167 173 1
167 172 2
167 103 3
167 170 2
167 89 1
167 87 2
167 168 1
167 92 1
173 187 3
82 47 5
82 120 2
82 79 3
82 77 15
82 36 1
47 48 3
47 57 1
47 75 2
47 84 3
47 43 2
47 61 1
47 36 6
47 46 2
47 80 1
47 50 4
47 92 3
47 68 9
47 77 1
47 108 1
47 2 6
47 81 1
47 160 3
47 90 1
100 83 1
100 23 8
100 240 1
100 255 5
100 36 1
100 72 3
100 258 1
100 188 1
100 20 1
100 43 8
100 248 1
100 257 1
100 106 8
100 98 1
100 61 2
100 60 1
100 121 1
100 260 1
100 102 1
83 239 1
83 75 7
83 166 1
54 214 1
54 78 2
54 160 2
54 36 7
54 53 1
54 183 13
54 61 1
54 246 4
214 80 2
85 84 8
85 61 2
85 72 17
85 149 8
85 261 1
85 134 1
85 127 2
85 31 2
85 90 3
85 14 1
85 71 4
14 136 3
14 166 3
14 154 1
14 1 6
14 131 2
14 149 10
14 5 6
14 3 4
14 261 5
14 130 2
14 36 9
14 84 4
14 102 1
14 111 1
14 260 1
14 250 2
14 106 2
14 183 1
14 213 1
14 224 2
14 99 8
14 41 1
14 72 14
14 148 1
14 40 4
14 15 1
14 35 2
14 44 1
14 151 1
14 258 1
14 253 1
14 91 2
14 81 2
14 32 2
14 43 1
14 243 5
14 16 1
14 61 1
64 235 1
64 218 5
64 232 1
64 71 9
64 195 2
64 149 1
64 205 1
64 115 1
64 207 1
77 99 3
77 43 8
77 79 10
77 2 10
77 36 8
77 97 1
99 103 9
132 133 2
132 118 1
133 97 2
133 118 1
182 55 2
182 115 1
182 175 1
182 178 2
104 70 3
104 55 2
115 71 13
115 209 2
115 178 2
115 61 2
115 106 8
115 193 1
115 40 3
115 30 18
115 186 3
115 149 2
115 90 7
115 130 1
115 218 3
115 139 1
115 148 1
115 194 1
115 96 2
115 208 3
115 217 2
115 1 7
115 137 2
115 20 11
115 254 1
115 29 2
115 206 1
115 198 1
115 32 1
71 238 2
71 15 1
71 28 1
71 233 7
71 232 10
71 45 1
71 209 2
71 192 6
71 193 1
71 184 1
71 30 1
71 68 1
71 194 1
71 90 2
71 84 1
49 135 2
49 48 1
49 51 2
49 50 8
49 68 17
135 72 1
92 106 1
92 144 1
92 36 1
92 45 10
92 166 4
92 90 4
92 33 2
92 93 9
92 91 2
92 72 1
92 175 1
92 80 3
92 140 1
92 143 1
92 149 4
92 252 1
92 18 1
92 148 2
92 107 2
92 111 3
106 143 3
106 258 1
106 226 4
106 55 2
106 155 3
106 90 10
106 198 2
106 207 3
106 175 11
106 123 4
106 29 24
106 23 10
106 229 1
106 228 3
106 192 7
106 201 2
106 231 1
106 116 2
106 157 1
106 176 3
189 20 8
189 188 3
20 192 4
20 29 6
20 23 2
20 139 1
20 21 5
20 16 3
20 30 2
20 1 11
20 3 1
210 61 2
210 209 1
210 121 2
210 211 1
210 149 1
61 74 1
61 156 1
61 1 5
61 15 1
61 45 17
61 7 1
61 193 1
61 29 2
61 236 1
61 198 1
61 32 1
61 5 1
61 84 8
61 212 2
61 79 3
61 254 1
61 33 1
52 51 1
52 149 1
52 148 1
52 96 1
52 45 2
52 50 1
51 45 31
51 55 2
51 53 1
51 46 1
250 152 2
250 151 4
250 149 1
152 143 1
188 23 1
188 190 1
188 29 5
188 139 2
188 191 1
31 95 4
31 93 2
31 45 1
95 45 1
74 75 2
75 36 3
75 109 3
75 79 2
84 45 23
84 15 1
84 119 1
23 166 7
23 239 1
23 243 4
23 72 9
23 25 3
23 156 2
23 24 1
23 154 1
23 257 7
23 9 1
23 139 1
23 255 3
23 111 1
23 186 1
23 68 8
23 240 4
23 30 2
23 36 1
149 96 3
149 28 1
149 151 2
149 143 2
149 203 1
149 215 1
149 237 1
149 148 1
96 93 7
96 181 3
96 176 1
96 120 13
96 150 2
96 55 1
96 175 3
96 63 9
96 151 1
96 45 1
96 116 1
223 45 3
223 44 1
45 91 5
45 256 5
45 127 2
45 72 10
45 90 7
45 53 6
45 46 1
45 68 27
45 131 4
45 130 2
45 148 1
45 1 1
45 50 4
118 90 6
118 138 1
90 148 9
90 116 2
90 143 3
90 120 4
90 40 4
90 117 2
90 63 1
216 6 1
216 15 1
6 26 1
6 1 4
48 53 1
48 50 1
15 72 1
15 186 1
15 222 1
15 194 2
198 208 1
198 217 4
198 209 1
198 211 1
240 262 2
143 41 2
143 29 1
143 239 2
143 186 1
143 148 5
143 178 1
143 9 2
143 36 1
143 176 1
143 72 1
69 243 4
69 24 1
69 63 1
69 70 1
243 166 1
156 220 1
156 166 1
220 72 6
220 7 1
220 117 3
36 2 9
36 43 1
36 38 10
36 42 2
36 35 30
36 10 2
36 37 8
36 246 2
36 224 3
36 44 15
36 41 1
36 39 12
36 80 1
36 81 1
166 89 4
166 162 3
166 164 7
166 165 3
166 239 1
166 168 1
28 3 1
28 1 1
28 148 2
28 235 1
28 232 1
11 5 2
11 12 3
11 1 1
209 212 1
258 105 2
258 46 1
258 259 1
154 151 1
186 184 9
186 29 1
186 190 2
186 139 2
89 219 1
116 40 2
116 230 1
40 35 1
40 44 1
40 119 1
40 114 5
40 112 1
40 72 1
204 162 8
204 29 1
204 201 1
162 183 1
162 160 1
162 232 1
239 236 1
239 232 1
72 138 5
72 43 1
72 79 2
72 68 1
72 33 3
72 70 1
72 46 1
72 259 1
72 151 10
72 91 1
72 30 1
55 50 4
55 176 1
233 207 2
233 235 3
233 29 2
233 236 1
233 234 1
207 228 2
207 155 2
207 226 1
207 234 1
207 193 1
207 229 5
207 232 7
2 81 1
2 5 2
2 35 1
2 33 4
2 1 2
2 3 1
3 1 34
3 126 1
3 26 1
1 34 1
1 5 15
1 13 6
1 18 1
1 27 3
1 24 1
1 16 1
1 7 1
1 8 1
139 32 3
139 138 2
32 30 1
183 224 1
183 193 3
183 29 6
29 157 8
29 8 2
29 124 1
29 192 1
29 195 7
29 12 1
29 193 2
29 201 1
29 232 9
29 194 1
224 33 1
224 67 4
224 79 1
236 229 1
236 232 1
24 168 1
178 176 1
178 174 2
178 180 2
178 175 1
43 37 1
131 130 1
53 25 1
129 127 3
129 126 1
129 130 2
127 126 1
70 44 2
70 110 2
70 76 3
70 9 1
70 68 1
70 246 1
70 102 1
151 153 1
235 232 5
235 184 4
10 35 2
10 38 2
10 37 2
35 41 1
35 44 1
35 260 1
5 26 1
5 25 2
5 27 2
26 13 2
26 27 4
26 121 1
38 37 1
25 145 1
25 7 1
25 50 1
25 27 1
145 141 4
145 142 2
103 98 1
97 177 1
97 33 1
97 93 1
97 180 1
97 179 1
219 168 1
219 9 5
219 170 6
41 44 11
41 37 1
192 206 1
161 163 2
105 68 2
105 107 1
44 111 1
44 222 1
44 79 1
44 221 6
193 194 1
30 254 1
148 120 1
148 150 1
148 42 1
22 120 1
22 117 1
125 124 1
194 196 1
196 98 1
232 184 2
91 93 1
147 111 1
111 158 3
111 159 3
171 87 6
87 164 9
79 251 7
79 110 3
79 102 1
79 252 7
79 76 2
79 253 1
79 109 1
172 170 2
242 241 4
33 76 6
101 102 1
177 174 1
142 176 1
142 141 3
175 137 1
18 108 2
18 9 1
9 170 1
231 230 2
230 134 6
13 12 1
146 234 2
257 262 2
184 191 1
76 140 1
66 65 8
205 212 1
