21 71 1
21 66 1
21 18 8
71 20 1
71 22 6
71 65 1
71 18 2
71 67 8
71 70 4
18 17 10
18 26 1
18 65 1
18 39 5
18 24 3
18 66 1
18 25 1
18 61 1
17 22 24
17 76 2
17 39 4
17 78 2
17 16 3
17 46 8
17 20 16
17 48 3
17 23 1
17 43 2
17 45 11
17 6 1
17 70 7
17 19 2
17 49 2
17 15 1
20 84 9
20 66 1
20 56 1
20 22 3
20 61 3
20 23 4
20 8 6
20 83 1
20 4 1
20 39 17
20 57 1
20 7 1
20 91 1
84 46 3
84 76 1
43 46 2
43 39 2
43 7 1
43 16 13
43 19 1
43 48 3
43 49 3
43 53 2
43 45 1
43 56 1
43 44 1
46 73 1
46 22 2
46 13 4
46 52 2
46 39 11
46 61 3
46 91 2
46 47 7
46 56 1
46 7 2
46 75 1
46 92 3
46 76 1
46 89 1
46 8 2
46 83 1
66 68 1
66 22 5
66 63 1
66 69 1
66 65 2
66 67 3
26 27 3
26 4 1
26 15 3
26 28 3
59 73 2
59 61 1
59 13 1
73 13 1
73 72 1
73 22 1
22 16 1
22 74 7
22 39 11
22 23 8
22 78 1
22 62 1
22 81 1
22 57 6
22 70 1
22 61 1
22 72 2
31 29 1
31 81 8
31 34 3
29 14 3
39 79 3
39 70 2
39 32 2
39 19 1
39 56 4
39 60 1
39 85 1
39 78 6
39 23 10
39 45 4
39 80 2
39 7 1
39 16 5
39 75 5
39 13 1
39 65 15
39 4 1
39 72 3
39 63 2
39 50 1
65 61 2
61 68 2
61 58 9
61 16 1
76 86 1
76 91 4
11 5 1
11 7 1
11 8 1
5 15 1
5 3 1
5 6 9
5 10 1
5 12 1
5 4 1
75 8 1
75 74 2
75 92 5
75 82 1
8 4 6
8 16 2
8 85 1
8 15 2
8 90 1
8 80 1
8 7 3
15 16 1
15 25 1
15 34 4
15 6 4
15 36 1
15 45 1
56 49 2
56 52 2
56 45 1
70 13 1
70 83 1
7 10 2
7 3 13
7 45 3
7 9 9
7 55 3
7 48 1
7 12 1
7 19 1
81 78 1
32 35 9
32 34 7
16 6 3
16 52 1
16 48 1
69 58 1
58 13 1
3 6 4
3 0 2
6 12 6
6 14 1
6 9 1
6 13 2
13 72 1
52 45 1
52 48 1
52 54 2
52 44 2
48 49 1
48 50 1
36 41 2
36 38 1
36 42 1
36 35 2
36 37 1
85 86 1
0 2 15
0 1 3
35 40 6
38 34 4
34 37 1
34 33 3
42 64 3
88 82 1
51 44 1
