41 40 3
41 17 2
41 56 7
41 7 1
41 16 1
41 45 1
40 14 1
40 3 2
40 15 1
40 37 1
58 56 1
58 3 1
58 16 1
56 19 1
4 0 1
4 6 1
4 5 4
26 30 2
26 3 1
26 29 4
26 8 10
30 28 1
30 3 4
30 29 1
30 31 8
30 33 2
30 32 1
53 23 1
53 16 1
53 54 2
53 3 1
53 55 1
23 3 2
23 16 8
5 1 4
5 3 5
5 2 1
1 24 4
1 51 7
1 8 9
1 44 3
1 42 2
1 2 7
34 19 3
34 42 17
34 46 11
34 43 1
34 47 1
34 9 1
34 32 1
19 60 1
19 3 4
19 45 1
14 13 13
14 3 1
13 17 4
60 62 5
60 3 2
60 31 2
60 61 7
60 8 1
37 33 2
37 8 3
37 35 6
33 38 1
33 32 1
28 32 2
3 62 4
3 8 13
3 61 5
3 39 1
3 29 2
3 2 3
17 6 1
24 16 1
24 63 2
38 15 7
16 8 3
16 21 1
16 51 1
16 44 5
16 64 1
45 12 1
45 57 2
45 59 6
45 15 1
12 52 1
8 50 6
8 55 1
8 31 16
8 52 1
8 15 2
8 7 1
51 63 2
35 15 2
42 43 1
42 9 1
42 47 1
42 46 2
50 49 5
29 27 2
27 7 1
32 7 5
7 57 2
7 25 2
31 61 1
64 15 1
15 36 7
15 39 1
