192 319 2
192 332 2
192 253 2
192 387 3
192 86 2
192 200 4
192 334 3
192 191 3
192 382 3
192 150 1
192 176 7
192 257 4
192 327 1
192 125 4
192 259 4
192 193 2
192 127 1
192 19 3
192 61 3
192 116 1
192 384 2
192 198 1
192 252 2
192 199 1
192 120 2
192 241 1
192 12 1
192 133 1
192 54 1
192 296 3
192 122 1
192 147 2
192 56 2
192 124 2
192 349 5
192 330 4
192 58 2
192 313 3
192 113 1
192 368 1
192 413 2
192 47 1
192 60 3
192 181 5
192 423 3
192 291 1
192 62 2
192 412 3
192 358 2
192 201 2
192 306 1
192 106 3
192 227 4
192 348 1
192 240 3
192 40 1
192 174 3
192 308 1
192 229 1
192 44 8
192 118 1
192 178 2
192 69 1
192 99 4
192 341 5
192 233 1
192 222 1
192 343 11
192 14 2
192 35 2
192 290 1
192 411 3
192 399 3
192 90 1
192 340 2
192 272 8
192 37 1
192 226 1
192 347 1
192 215 1
192 228 1
192 217 1
192 304 1
192 121 1
192 153 2
192 408 4
192 87 5
192 329 1
192 221 1
192 85 2
192 21 1
192 34 2
192 381 1
192 23 1
192 157 1
192 258 1
192 75 3
192 335 3
192 269 2
192 390 1
192 322 1
192 203 5
192 271 5
192 392 3
192 424 1
192 73 8
192 394 2
192 88 9
192 141 1
192 154 5
192 396 2
192 143 2
192 398 2
192 77 1
319 73 1
319 77 1
319 88 2
319 141 1
319 354 1
319 201 1
319 116 1
319 329 1
319 67 1
319 150 3
319 12 1
319 106 1
319 125 1
319 40 1
319 153 1
319 154 3
319 217 1
319 334 2
319 47 1
319 200 2
319 413 3
319 377 1
319 358 1
319 258 2
319 392 1
319 21 2
319 120 1
319 118 1
319 252 1
319 99 1
319 44 2
319 127 2
319 340 1
319 128 1
319 423 3
319 191 1
319 176 2
319 240 2
319 174 1
319 193 3
319 387 2
319 368 1
319 61 2
319 75 1
319 147 1
319 390 1
319 341 1
319 322 1
35 106 1
35 200 2
35 413 1
35 205 1
35 118 2
35 252 1
35 69 1
35 99 1
35 44 1
35 340 2
35 423 2
35 191 1
35 87 1
35 240 1
35 368 1
35 85 1
35 258 1
35 147 1
35 341 1
35 181 1
35 394 1
35 73 1
35 88 2
35 178 1
35 329 1
35 382 1
35 125 1
35 193 1
35 272 1
35 215 1
35 330 1
106 401 2
106 118 1
106 252 3
106 69 1
106 99 2
106 233 1
106 122 1
106 133 2
106 44 4
106 399 3
106 127 3
106 340 4
106 60 2
106 423 3
106 191 3
106 23 3
106 408 1
106 176 8
106 240 4
106 174 2
106 304 1
106 334 2
106 231 1
106 368 1
106 85 1
106 154 3
106 302 2
106 381 1
106 343 6
106 277 1
106 75 4
106 37 3
106 147 4
106 177 1
106 390 1
106 128 2
106 341 1
106 322 1
106 215 1
106 181 2
106 394 1
106 73 2
106 88 9
106 141 4
106 220 1
106 384 1
106 201 1
106 33 2
106 86 3
106 116 2
106 329 1
106 67 2
106 382 5
106 199 3
106 412 2
106 150 2
106 229 1
106 327 2
106 308 1
106 125 3
106 392 3
106 227 5
106 178 1
106 342 1
106 193 6
106 40 3
106 272 1
106 306 2
106 153 2
106 157 1
106 217 1
106 19 2
106 266 2
106 113 2
106 349 4
106 330 4
106 200 6
106 413 4
106 62 1
106 358 2
106 239 1
106 61 2
106 258 4
106 303 2
106 120 4
106 203 3
106 416 2
106 184 1
303 271 2
303 341 3
303 141 1
303 154 2
303 88 2
303 258 3
303 147 1
303 390 2
303 334 6
303 215 1
303 272 1
303 85 1
303 201 1
303 19 1
303 87 1
303 21 2
303 199 1
303 12 1
303 67 1
303 309 1
303 69 1
303 178 1
303 58 1
303 73 1
303 128 2
303 306 1
303 240 1
303 11 1
303 174 2
303 66 1
303 308 1
303 176 1
303 68 1
303 413 2
303 269 1
303 127 2
303 61 1
303 118 1
303 349 1
303 54 2
303 296 1
303 56 1
303 408 1
303 423 2
303 416 1
303 368 1
303 150 1
271 418 2
271 75 7
271 135 1
271 86 1
271 306 4
271 382 5
271 199 2
271 412 1
271 150 2
271 229 1
271 253 2
271 174 2
271 308 2
271 252 5
271 282 1
271 233 2
271 255 1
271 327 2
271 125 6
271 176 7
271 231 2
271 14 1
271 227 1
271 44 9
271 340 3
271 272 5
271 153 4
271 182 1
271 217 3
271 358 1
271 347 1
271 102 1
271 304 1
271 334 1
271 241 1
271 398 2
271 349 1
271 200 4
271 413 7
271 177 2
271 32 2
271 343 6
271 408 4
271 377 2
271 205 1
271 221 2
271 47 1
271 228 2
271 258 8
271 60 2
271 120 2
271 399 7
271 291 2
271 341 2
271 222 1
271 203 3
271 416 3
271 335 1
271 54 1
271 118 3
271 99 2
271 133 5
271 394 1
271 380 1
271 127 4
271 141 3
271 154 2
271 396 3
271 88 10
271 423 7
271 191 3
271 12 9
271 193 14
271 85 3
271 259 1
271 302 1
271 381 3
271 87 1
271 21 1
271 23 1
271 296 1
271 147 3
271 390 2
271 128 3
271 330 2
271 201 3
271 73 6
271 226 2
271 124 1
271 239 1
271 56 4
271 269 1
271 354 1
107 396 2
107 145 1
107 415 1
396 358 1
396 239 1
396 141 2
396 220 1
396 201 5
396 90 1
396 120 3
396 418 1
396 61 1
396 182 1
396 416 2
396 382 2
396 412 1
396 150 1
396 401 2
396 252 1
396 69 1
396 99 5
396 227 4
396 44 6
396 178 1
396 380 1
396 340 2
396 272 1
396 217 2
396 240 2
396 87 3
396 251 1
396 334 1
396 398 2
396 215 1
396 85 5
396 200 3
396 413 9
396 302 1
396 381 1
396 343 3
396 228 1
396 258 4
396 75 4
396 390 1
396 341 3
396 322 3
396 124 1
396 203 8
396 118 5
396 290 2
396 88 5
396 122 1
396 384 1
396 314 2
396 399 1
396 33 1
396 429 5
396 86 5
396 329 1
396 423 8
396 191 2
396 12 1
396 176 2
396 327 2
396 125 6
396 193 4
396 40 2
396 174 2
396 387 3
396 21 1
396 306 1
396 287 2
396 19 1
396 266 1
396 296 1
396 147 4
396 98 6
396 177 2
396 349 1
396 330 1
396 211 1
396 241 1
396 77 1
382 335 1
382 257 2
382 269 2
382 203 1
382 258 4
382 392 1
382 313 2
382 394 2
382 73 4
382 345 1
382 296 3
382 128 1
382 249 2
382 147 2
382 141 3
382 390 1
382 330 1
382 181 3
382 77 1
382 11 1
382 253 1
382 32 2
382 387 4
382 68 1
382 191 2
382 120 3
382 259 1
382 86 1
382 193 5
382 127 2
382 412 1
382 182 1
382 424 2
382 69 1
382 99 2
382 118 2
382 252 2
382 227 1
382 44 5
382 67 1
382 340 2
382 291 1
382 56 1
382 217 2
382 113 1
382 240 2
382 302 2
382 334 3
382 306 2
382 200 3
382 413 4
382 416 4
382 343 6
382 205 1
382 176 2
382 228 1
382 75 2
382 341 3
382 233 2
382 154 1
382 322 1
382 124 1
382 88 8
382 37 1
382 226 1
382 347 1
382 133 2
382 215 1
382 354 1
382 349 2
382 272 3
382 329 2
382 423 2
382 19 2
382 408 1
382 87 4
382 21 2
382 34 1
382 384 2
382 327 1
382 308 1
382 125 2
382 399 1
382 85 2
335 150 1
335 252 2
335 233 1
335 125 1
335 227 1
335 44 1
335 176 4
335 341 1
335 154 2
335 240 2
335 343 2
335 334 1
335 398 1
335 349 1
335 47 1
335 226 1
335 62 1
335 377 1
335 358 1
335 205 1
335 19 1
335 153 1
335 87 1
335 322 1
335 34 1
335 124 1
335 203 3
335 157 1
335 201 2
335 399 1
335 258 2
335 329 2
335 423 3
335 408 1
335 308 1
335 121 1
335 368 2
335 85 1
335 381 2
335 147 1
335 390 2
335 330 1
335 120 1
335 88 3
335 67 1
335 269 1
335 56 1
200 290 1
200 411 1
200 424 1
200 330 2
200 116 1
200 358 1
200 88 8
200 215 2
200 349 2
200 296 2
200 201 2
200 272 3
200 67 2
200 153 2
200 87 2
200 342 1
200 412 2
200 150 3
200 233 1
200 23 1
200 157 1
200 399 3
200 44 4
200 348 1
200 269 1
200 40 2
200 340 1
200 203 3
200 73 2
200 341 2
200 240 1
200 141 3
200 154 4
200 75 2
200 334 9
200 398 1
200 332 2
200 387 4
200 66 1
200 249 1
200 413 1
200 32 1
200 68 1
200 343 4
200 257 2
200 56 5
200 191 1
200 125 1
200 228 1
200 193 6
200 120 3
200 127 4
200 19 2
200 322 1
200 61 2
200 182 1
200 416 1
200 329 2
200 21 1
200 384 1
200 118 1
200 99 1
200 12 2
200 133 2
200 54 2
200 122 1
200 33 1
200 69 1
200 258 4
200 58 3
200 423 4
200 113 1
200 368 3
200 181 3
200 302 1
200 408 1
200 62 2
200 304 1
200 308 1
200 121 1
200 306 2
200 227 1
200 174 2
200 176 1
200 178 2
39 117 1
39 361 1
39 281 2
39 55 2
39 235 4
117 274 1
117 130 1
117 202 1
117 294 1
117 218 1
117 157 1
117 24 1
377 341 3
377 154 1
377 88 3
377 343 1
377 398 1
377 272 3
377 153 1
377 87 2
377 329 2
377 221 3
377 342 1
377 21 1
377 157 1
377 392 2
377 381 1
377 73 1
377 141 2
377 75 1
377 253 1
377 387 1
377 66 1
377 191 1
377 125 1
377 61 1
377 182 1
377 424 1
377 358 1
377 241 1
377 296 1
377 368 1
377 47 1
377 181 1
377 302 1
377 423 1
377 62 1
377 416 1
377 176 1
377 44 1
341 56 2
341 269 2
341 60 2
341 120 2
341 71 1
341 57 1
341 178 4
341 191 2
341 125 4
341 124 1
341 416 3
341 193 6
341 199 1
341 127 1
341 61 1
341 182 2
341 424 1
341 118 3
341 252 1
341 69 1
341 99 1
341 233 1
341 116 1
341 358 1
341 227 3
341 44 5
341 399 3
341 340 1
341 272 5
341 296 3
341 423 6
341 23 2
341 408 2
341 58 2
341 176 2
341 240 2
341 342 1
341 34 1
341 304 2
341 334 4
341 157 1
341 412 2
341 368 2
341 85 4
341 381 3
341 343 5
341 258 2
341 394 2
341 177 1
341 390 3
341 322 1
341 222 1
341 154 2
341 203 2
341 88 7
341 73 3
341 387 1
341 122 1
341 384 1
341 201 1
341 215 1
341 33 1
341 418 1
341 86 3
341 329 3
341 67 1
341 259 3
341 327 3
341 150 1
341 153 2
341 87 2
341 308 2
341 12 1
341 133 1
341 306 2
341 257 1
341 317 1
341 262 1
341 313 1
341 205 1
341 147 3
341 128 2
341 249 1
341 398 3
341 330 5
341 62 1
341 413 2
341 32 1
413 358 1
413 37 1
413 334 5
413 226 1
413 347 2
413 147 1
413 215 2
413 349 1
413 272 6
413 327 1
413 19 2
413 153 1
413 408 1
413 87 5
413 221 1
413 21 2
413 384 1
413 23 1
413 135 1
413 269 2
413 390 1
413 203 1
413 258 2
413 394 1
413 73 1
413 128 3
413 141 3
413 75 1
413 317 1
413 88 3
413 77 1
413 332 2
413 11 1
413 253 2
413 387 1
413 308 1
413 255 2
413 68 1
413 257 2
413 191 3
413 193 2
413 127 4
413 61 1
413 182 3
413 424 2
413 116 2
413 118 2
413 252 1
413 54 1
413 296 2
413 122 1
413 56 3
413 313 1
413 113 1
413 368 2
413 181 4
413 302 1
413 423 1
413 291 2
413 62 1
413 306 1
413 348 1
413 240 2
413 174 3
413 416 1
413 176 1
413 44 3
413 178 3
413 33 1
413 154 4
413 343 3
332 32 1
332 201 1
332 99 1
332 113 1
332 44 1
332 340 1
332 272 1
332 153 1
332 334 1
332 343 1
332 258 2
332 75 1
332 203 1
332 118 1
332 88 2
332 133 1
332 329 1
332 423 2
332 191 2
332 412 1
332 176 1
332 193 1
332 306 1
332 66 1
332 257 1
332 147 1
332 349 1
332 330 1
150 269 1
150 390 3
150 205 1
150 31 1
150 73 1
150 44 1
150 178 3
150 88 3
150 330 1
150 77 1
150 253 1
150 153 2
150 387 1
150 68 1
150 257 3
150 125 1
150 259 1
150 193 2
150 127 1
150 368 1
150 61 2
150 424 1
150 384 2
150 305 1
150 302 2
150 252 1
150 120 3
150 258 1
150 177 1
150 416 1
150 58 1
150 313 2
150 289 1
150 181 4
150 423 3
150 249 2
150 62 1
150 412 1
150 304 1
150 306 1
150 227 1
150 329 3
150 40 1
150 429 1
150 408 1
150 176 1
150 327 2
150 233 2
150 154 1
150 343 2
150 174 1
150 411 1
150 358 2
150 334 2
150 226 1
150 347 1
150 349 1
150 296 1
150 217 1
150 147 1
150 272 1
150 19 2
150 87 4
150 34 1
150 399 1
150 56 1
81 235 1
81 7 1
235 160 4
235 283 3
235 100 1
235 130 1
235 30 6
235 194 1
235 407 3
235 224 2
235 175 2
235 370 25
235 426 2
235 307 4
235 288 1
235 292 7
235 371 1
235 173 3
235 386 3
235 43 1
235 256 1
235 207 1
235 286 1
235 420 5
235 24 14
235 237 1
235 369 1
235 301 3
235 18 3
235 186 1
235 295 1
235 167 2
235 97 6
235 280 2
235 359 1
235 210 4
235 281 12
235 214 4
235 195 3
235 274 7
235 12 1
235 225 2
235 76 1
235 278 3
235 338 2
235 189 7
235 402 6
235 140 1
235 372 1
235 406 1
235 353 4
235 155 1
235 385 3
235 336 14
235 104 4
235 168 4
235 149 26
235 179 10
235 400 3
235 68 1
235 202 1
235 415 1
235 183 2
235 213 1
235 285 2
235 53 5
235 247 10
235 158 8
235 9 1
235 264 5
235 294 10
235 111 6
235 324 1
235 275 2
235 13 1
235 156 1
235 26 5
235 250 3
235 273 9
235 41 3
235 284 8
235 165 3
235 367 3
235 318 1
235 397 1
235 5 1
235 218 9
235 169 20
235 16 4
235 180 14
235 331 1
235 20 2
235 312 2
235 50 5
235 114 1
235 316 1
235 395 4
235 84 3
235 197 2
235 410 1
235 148 11
235 361 2
235 391 7
235 25 2
235 48 12
235 261 14
235 212 2
235 108 4
235 93 5
235 123 5
235 374 11
235 325 2
235 236 11
235 187 2
235 8 2
235 300 4
235 72 3
235 383 2
235 428 6
235 166 6
235 196 4
235 6 2
235 219 3
235 230 13
418 205 1
418 128 1
418 143 1
418 387 1
418 66 1
418 429 1
418 68 1
418 191 1
418 127 2
418 424 1
418 181 1
418 174 1
418 334 1
418 19 1
418 21 1
418 34 1
418 384 1
418 399 1
418 199 1
160 144 1
160 18 1
160 370 1
160 55 1
423 56 3
423 177 1
423 124 1
423 58 2
423 313 2
423 113 1
423 368 3
423 47 1
423 60 2
423 181 6
423 302 1
423 191 4
423 291 1
423 62 2
423 412 2
423 304 2
423 306 3
423 227 2
423 348 1
423 240 1
423 334 6
423 40 1
423 174 4
423 416 3
423 229 1
423 193 6
423 176 3
423 85 3
423 44 4
423 178 4
423 381 2
423 343 7
423 233 3
423 33 1
423 154 6
423 222 1
423 398 5
423 290 1
423 411 2
423 358 5
423 390 3
423 128 4
423 37 1
423 226 1
423 347 1
423 215 1
423 349 4
423 88 6
423 217 1
423 272 8
423 141 5
423 327 1
423 19 4
423 153 3
423 408 3
423 87 6
423 329 1
423 221 3
423 86 2
423 67 1
423 21 1
423 34 3
423 384 2
423 199 3
423 23 2
423 157 1
423 399 2
423 12 3
423 267 1
423 308 2
423 125 3
423 201 1
423 135 2
423 269 4
423 69 2
423 203 2
423 258 2
423 392 1
423 205 1
423 394 2
423 73 4
423 249 2
423 75 1
423 77 1
423 11 1
423 253 3
423 387 5
423 330 1
423 257 4
423 57 1
423 259 3
423 127 5
423 61 1
423 182 3
423 424 1
423 116 1
423 305 2
423 252 3
423 120 2
423 241 1
423 133 1
423 54 2
423 296 5
56 191 3
56 176 2
56 88 3
56 398 1
56 121 1
56 334 4
56 387 2
56 193 2
56 381 2
56 272 1
56 85 1
56 75 4
56 153 1
56 147 1
56 390 1
56 128 4
56 21 1
56 199 2
56 12 2
56 133 3
56 290 1
56 384 1
56 201 1
56 181 1
56 73 1
56 233 1
56 240 1
56 11 1
56 253 1
56 227 3
56 66 1
56 429 1
56 40 2
56 68 1
56 61 2
56 296 3
56 349 1
56 330 1
56 120 1
56 54 2
56 205 1
56 258 4
56 408 2
56 416 2
56 118 1
56 252 2
56 238 1
56 44 1
56 399 2
56 340 1
56 291 1
56 31 1
125 399 2
125 12 2
125 135 1
125 269 1
125 390 1
125 69 1
125 203 1
125 258 1
125 392 1
125 73 1
125 86 1
125 88 8
125 128 1
125 249 1
125 141 2
125 62 1
125 75 1
125 77 1
125 11 1
125 253 1
125 387 2
125 329 2
125 66 1
125 308 1
125 429 1
125 259 1
125 193 1
125 127 2
125 61 6
125 182 3
125 116 1
125 358 2
125 257 1
125 305 1
125 252 2
125 120 2
125 241 1
125 54 1
125 296 3
125 83 1
125 177 2
125 398 2
125 349 3
125 124 1
125 58 1
125 408 3
125 113 1
125 368 1
125 47 1
125 60 1
125 181 3
125 302 1
125 291 1
125 412 1
125 205 1
125 240 2
125 174 1
125 229 1
125 176 5
125 99 2
125 233 1
125 154 3
125 343 7
125 334 4
125 347 1
125 147 1
125 23 2
125 57 1
125 272 2
125 327 1
125 19 6
125 87 5
125 85 1
125 21 1
125 34 1
399 47 1
399 60 3
399 181 3
399 302 1
399 227 4
399 291 1
399 62 1
399 412 1
399 240 1
399 121 2
399 102 1
399 44 2
399 178 1
399 334 2
399 398 2
399 349 4
399 233 1
399 154 2
399 222 1
399 343 3
399 290 1
399 411 1
399 313 3
399 358 1
399 258 3
399 120 2
399 71 1
399 217 1
399 203 5
399 416 1
399 272 2
399 327 1
399 19 3
399 153 1
399 408 2
399 87 2
399 329 3
399 221 1
399 34 1
399 133 2
399 23 1
399 191 2
399 14 1
399 135 1
399 12 1
399 176 2
399 392 2
399 57 1
399 394 1
399 73 3
399 193 1
399 75 1
399 317 1
399 88 9
399 85 2
399 253 1
399 387 3
399 255 1
399 257 2
399 147 1
399 177 4
399 390 1
399 128 1
399 330 2
399 259 1
399 127 2
399 248 1
399 182 1
399 384 1
399 305 1
399 252 1
399 241 1
399 54 2
399 296 3
340 58 3
340 113 1
340 157 1
340 412 1
340 348 1
340 40 1
340 44 2
340 394 1
340 99 1
340 33 1
340 154 1
340 88 2
340 343 3
340 334 1
340 347 1
340 147 1
340 215 1
340 217 1
340 259 2
340 272 2
340 19 2
340 153 1
340 87 1
340 21 1
340 384 1
340 252 1
340 23 1
340 199 1
340 12 2
340 67 1
340 201 1
340 269 1
340 69 1
340 203 1
340 392 1
340 368 1
340 60 2
340 181 2
340 73 3
340 62 2
340 306 2
340 77 1
340 240 1
340 11 1
340 253 2
340 174 3
340 176 1
340 257 3
340 57 1
340 178 1
340 191 2
340 193 2
340 127 2
340 290 1
340 61 1
340 424 2
340 116 1
340 358 2
340 120 1
340 54 1
340 296 1
58 299 1
58 191 1
58 176 1
58 193 2
58 174 2
58 368 1
58 85 1
58 381 1
58 182 1
58 147 1
58 177 1
58 73 1
58 88 3
58 141 1
58 201 1
58 199 1
58 227 1
58 44 2
58 178 1
58 272 1
58 306 2
58 23 1
58 240 1
58 304 1
58 215 1
58 330 1
58 32 2
58 343 1
58 205 1
58 228 1
58 258 3
58 75 1
58 120 1
58 203 1
58 416 1
58 118 1
58 69 1
58 99 4
58 122 1
58 133 1
205 99 2
205 343 1
205 358 2
205 252 1
205 233 1
205 334 4
205 349 1
205 40 1
205 272 2
205 85 2
205 19 2
205 408 1
205 157 1
205 199 1
205 12 2
205 330 1
205 201 2
205 135 1
205 73 1
205 258 2
205 120 2
205 141 1
205 88 1
205 68 1
205 44 2
205 57 1
205 191 2
205 61 1
205 182 1
205 424 1
205 54 1
205 193 1
205 67 1
205 253 1
205 368 1
205 69 1
205 302 1
205 381 1
205 181 2
205 75 1
205 62 1
205 147 1
205 240 1
205 174 1
205 363 1
205 176 2
205 354 1
205 178 1
99 348 1
99 240 1
99 40 1
99 174 4
99 416 1
99 44 1
99 252 1
99 69 2
99 33 1
99 88 3
99 182 1
99 343 2
99 290 1
99 37 1
99 291 1
99 334 2
99 347 1
99 147 1
99 215 1
99 408 3
99 176 5
99 217 1
99 272 2
99 19 1
99 153 2
99 87 1
99 384 1
99 23 1
99 199 2
99 12 1
99 133 1
99 67 1
99 201 1
99 258 3
99 75 1
99 392 1
99 313 1
99 73 3
99 128 1
99 141 1
99 62 1
99 306 2
99 11 3
99 253 1
99 387 1
99 363 1
99 255 1
99 257 3
99 178 1
99 191 2
99 259 2
99 193 2
99 127 2
99 61 3
99 424 1
99 116 1
99 358 1
99 305 1
99 120 1
99 54 2
99 296 1
99 398 1
99 349 2
99 113 1
99 368 1
99 60 2
99 181 3
99 157 1
99 412 1
201 394 1
201 73 3
201 193 2
201 387 2
201 153 1
201 147 2
201 257 2
201 127 1
201 61 3
201 424 1
201 330 1
201 116 1
201 384 1
201 12 1
201 54 1
201 368 2
201 60 2
201 181 1
201 118 1
201 62 1
201 412 1
201 133 1
201 306 1
201 174 2
201 429 1
201 176 2
201 231 1
201 44 1
201 154 1
201 343 2
201 334 3
201 290 1
201 358 2
201 37 1
201 347 1
201 381 1
201 258 1
201 75 1
201 272 1
201 342 1
201 354 1
201 203 1
201 392 1
394 387 2
394 227 1
394 44 1
394 272 1
394 57 1
394 69 1
394 349 1
394 181 1
394 368 1
394 343 1
394 174 1
394 75 1
394 120 1
394 203 1
394 231 1
394 73 2
394 154 2
394 88 2
394 122 1
394 182 1
394 329 1
394 308 1
394 193 1
394 330 3
394 32 1
57 349 1
57 54 1
57 258 1
57 75 2
57 73 1
57 34 2
57 229 1
57 176 1
57 31 1
57 343 2
57 174 1
57 19 1
57 272 2
57 147 1
57 85 2
57 252 1
57 269 1
57 141 1
57 120 1
57 248 1
57 199 1
57 118 1
57 60 1
57 191 1
57 182 2
57 358 1
349 334 2
349 272 3
349 85 2
349 343 2
349 19 2
349 358 4
349 87 1
349 21 2
349 384 3
349 228 2
349 258 3
349 392 2
349 60 2
349 23 2
349 199 1
349 222 1
349 133 3
349 88 4
349 182 1
349 128 2
349 141 1
349 329 1
349 67 1
349 317 1
349 77 1
349 408 4
349 176 3
349 255 4
349 253 3
349 387 3
349 327 1
349 259 1
349 121 1
349 257 1
349 193 5
349 178 3
349 191 2
349 127 1
349 252 2
349 147 1
349 390 1
349 330 2
349 181 2
349 54 1
349 296 3
349 177 1
349 124 1
349 289 1
349 302 1
349 86 1
349 291 1
349 412 1
349 304 1
349 227 4
349 240 1
349 416 2
349 14 1
349 44 1
349 233 1
349 154 2
349 398 2
349 411 2
203 174 1
203 416 3
203 308 1
203 412 3
203 231 2
203 44 4
203 178 1
203 343 3
203 411 1
203 424 1
203 358 1
203 157 1
203 215 1
203 272 5
203 85 1
203 153 2
203 87 3
203 329 2
203 32 1
203 21 1
203 34 2
203 23 1
203 120 3
203 269 2
203 390 1
203 258 3
203 392 2
203 118 1
203 73 1
203 86 2
203 154 4
203 88 6
203 143 1
203 398 1
203 387 1
203 334 3
203 255 1
203 68 1
203 176 1
203 191 1
203 259 1
203 193 1
203 127 1
203 19 1
203 368 2
203 61 4
203 182 4
203 252 1
203 147 1
203 181 2
203 290 1
203 62 1
203 306 1
203 227 1
203 348 1
174 416 1
174 184 1
174 118 2
174 69 1
174 133 1
174 329 1
174 112 1
174 191 4
174 176 1
174 308 1
174 240 3
174 193 4
174 302 1
174 343 3
174 147 1
174 128 2
174 116 1
174 358 2
174 330 2
174 73 5
174 88 8
174 141 2
174 220 1
174 37 1
174 87 1
174 23 1
174 252 4
174 44 5
174 306 2
174 217 1
174 154 2
174 113 1
174 304 1
174 334 5
174 249 1
174 258 5
174 75 4
174 120 1
174 71 1
174 19 1
177 255 1
177 408 2
177 176 1
177 19 1
177 368 1
177 85 1
177 384 4
177 343 3
177 262 1
177 88 2
177 306 2
177 135 1
177 86 1
177 398 1
177 47 1
177 221 1
177 23 1
177 31 1
249 61 1
249 182 1
249 305 2
249 329 1
249 176 1
249 327 1
249 308 1
249 193 1
249 291 1
249 31 1
249 141 1
249 343 1
249 77 1
249 37 1
249 387 1
249 334 2
249 191 1
249 69 1
249 44 1
249 302 1
249 416 1
249 390 1
249 322 1
249 73 1
249 88 1
61 66 1
61 302 1
61 232 2
61 277 1
61 75 2
61 147 1
61 390 1
61 128 1
61 322 1
61 211 1
61 241 3
61 405 4
61 73 1
61 339 3
61 88 2
61 220 1
61 354 8
61 384 1
61 52 1
61 265 4
61 348 1
61 116 3
61 329 2
61 12 1
61 263 2
61 95 4
61 46 1
61 193 3
61 40 1
61 272 1
61 306 1
61 153 1
61 287 2
61 238 1
61 317 2
61 206 1
61 157 3
61 221 1
61 251 1
61 151 1
61 364 1
61 102 1
61 266 1
61 345 1
61 398 1
61 215 3
61 330 1
61 47 6
61 260 2
61 32 2
61 145 1
61 358 1
61 309 2
61 239 2
61 258 1
61 139 4
61 90 4
61 120 3
61 154 1
61 416 3
61 188 8
61 267 5
61 401 1
61 118 3
61 252 5
61 233 3
61 429 1
61 380 1
61 78 1
61 291 1
61 191 1
61 355 5
61 23 1
61 408 1
61 87 1
61 304 1
408 54 1
408 296 1
408 217 2
408 334 1
408 291 1
408 62 1
408 412 1
408 368 2
408 85 1
408 306 1
408 302 1
408 416 1
408 258 2
408 31 1
408 44 1
408 154 4
408 184 1
408 343 2
408 398 1
408 358 1
408 88 7
408 329 1
408 191 1
408 327 2
408 19 3
408 176 3
408 255 1
408 87 1
408 342 1
408 21 1
408 384 1
408 23 2
408 193 2
408 40 1
408 387 1
408 12 1
408 351 1
408 73 1
408 147 1
408 128 3
408 330 2
408 143 1
408 141 1
408 120 2
408 259 2
408 182 1
408 424 1
408 116 1
408 252 2
408 227 3
54 176 2
54 306 1
54 121 1
54 387 1
54 85 1
54 182 2
54 258 3
54 75 2
54 147 1
54 390 2
54 405 1
54 88 4
54 354 1
54 329 1
54 229 1
54 193 3
54 70 1
54 44 3
54 217 1
54 334 2
54 398 2
54 358 1
54 60 1
54 120 1
54 416 1
54 252 2
54 14 1
54 227 1
54 291 1
54 242 1
54 181 1
191 69 2
191 262 1
191 75 2
191 147 3
191 60 3
191 73 2
191 306 1
191 88 5
191 416 5
191 141 2
191 384 1
191 22 1
191 176 3
191 135 3
191 348 1
191 86 1
191 199 1
191 154 1
191 12 2
191 327 1
191 308 1
191 358 1
191 227 2
191 178 2
191 334 2
191 347 1
191 272 2
191 215 2
191 217 1
191 240 2
191 19 3
191 87 1
191 398 1
191 330 2
191 47 1
191 228 1
191 258 7
191 222 2
191 128 1
191 118 3
191 252 3
191 122 1
191 11 1
191 133 1
191 387 1
191 44 3
191 66 2
191 68 2
191 259 1
191 193 3
191 127 4
191 182 1
191 121 1
191 305 1
191 302 2
191 198 1
191 343 3
416 176 2
416 118 2
416 69 6
416 231 1
416 154 2
416 44 1
416 334 2
416 85 1
416 21 2
416 384 1
416 198 1
416 277 1
416 12 2
416 133 2
416 258 3
416 392 1
416 73 2
416 305 3
416 88 2
416 128 2
416 141 2
416 306 3
416 67 2
416 11 1
416 253 1
416 387 1
416 308 2
416 412 4
416 127 3
416 424 1
416 257 1
416 217 1
416 296 1
416 398 1
416 215 1
416 60 1
66 424 1
66 135 1
66 178 3
66 40 1
66 157 1
66 181 1
66 37 1
66 122 1
66 85 1
66 381 1
66 198 1
290 343 1
290 258 1
290 176 1
290 147 2
290 44 2
290 77 1
290 88 1
290 135 1
290 153 1
290 334 1
290 60 2
182 302 1
182 381 1
182 313 1
182 343 2
182 240 1
182 258 1
182 75 2
182 147 3
182 390 2
182 128 1
182 44 3
182 178 1
182 88 4
182 384 1
182 329 1
182 229 1
182 217 1
182 327 1
182 308 1
182 259 1
182 153 2
182 221 1
182 193 2
182 157 1
182 257 2
182 398 3
182 330 2
182 47 1
182 181 2
182 141 1
182 154 2
182 387 1
182 334 1
182 120 1
182 143 1
182 124 1
182 184 1
182 69 1
182 122 2
182 227 4
182 176 2
182 60 1
182 368 1
193 21 2
193 384 2
193 199 1
193 120 2
193 12 3
193 133 3
193 67 1
193 147 1
193 390 1
193 128 3
193 122 1
193 69 1
193 181 5
193 73 4
193 258 2
193 368 1
193 88 8
193 60 1
193 302 2
193 269 3
193 141 4
193 220 1
193 37 1
193 62 1
193 304 2
193 306 2
193 86 1
193 240 3
193 253 2
193 308 3
193 412 1
193 229 1
193 176 2
193 252 1
193 327 1
193 44 3
193 233 1
193 227 5
193 40 2
193 411 2
193 424 1
193 116 1
193 358 3
193 305 1
193 217 1
193 351 1
193 226 1
193 347 2
193 118 2
193 102 1
193 296 2
193 330 2
193 32 2
193 221 1
193 343 5
193 23 1
193 157 1
193 75 3
193 322 1
193 348 1
193 392 2
193 31 1
193 154 2
193 33 1
193 398 1
193 77 1
193 299 1
193 11 1
193 387 5
193 334 6
193 68 3
193 87 6
193 215 1
193 257 3
193 121 1
193 259 3
193 272 2
193 85 2
193 127 3
193 19 3
21 40 2
21 257 1
21 321 1
21 262 1
21 102 1
21 258 4
21 398 1
21 330 2
21 47 1
21 60 1
21 401 1
21 252 1
21 69 1
21 227 3
21 44 2
21 118 1
21 240 2
21 334 2
21 85 1
21 198 1
21 75 1
21 128 1
21 88 2
21 141 1
21 314 1
21 329 1
21 199 1
21 12 1
21 342 1
143 429 1
143 88 2
143 176 3
143 220 1
143 135 1
143 227 1
143 87 2
143 221 1
143 145 1
143 228 1
143 154 1
143 387 1
143 255 1
143 19 1
143 259 1
143 12 1
143 368 1
143 85 2
143 306 1
143 262 1
143 147 1
429 339 1
429 22 2
429 52 3
429 242 1
429 363 1
429 46 2
429 65 1
429 281 1
429 238 1
429 232 2
429 181 1
429 211 1
429 373 2
429 118 1
429 208 2
429 380 1
429 231 1
429 276 1
429 206 1
429 251 1
429 313 1
429 145 2
429 98 1
176 296 4
176 122 1
176 322 1
176 69 1
176 124 3
176 313 2
176 118 1
176 368 1
176 47 1
176 289 1
176 88 6
176 181 3
176 302 2
176 133 3
176 291 1
176 62 4
176 412 3
176 304 1
176 227 4
176 329 5
176 67 1
176 240 2
176 121 1
176 44 5
176 178 5
176 233 6
176 154 5
176 222 1
176 343 6
176 398 2
176 411 2
176 306 1
176 358 2
176 381 2
176 198 1
176 334 5
176 262 1
176 228 1
176 83 1
176 147 4
176 390 3
176 272 4
176 330 2
176 19 1
176 153 2
176 87 6
176 221 7
176 34 3
176 23 3
176 269 4
176 354 1
176 199 1
176 71 1
176 135 2
176 14 2
176 258 3
176 392 2
176 31 2
176 73 5
176 86 1
176 128 1
176 141 1
176 77 1
176 253 5
176 387 5
176 308 1
176 255 2
176 257 3
176 259 1
176 327 1
176 127 3
176 248 1
176 424 2
176 305 1
176 75 2
176 120 1
176 241 2
85 424 1
85 351 1
85 305 1
85 266 1
85 120 1
85 296 1
85 136 1
85 47 1
85 181 1
85 412 1
85 240 1
85 229 1
85 44 2
85 227 2
85 233 1
85 33 1
85 154 3
85 88 5
85 343 2
85 411 1
85 90 1
85 334 2
85 215 1
85 272 3
85 19 1
85 153 2
85 87 2
85 198 1
85 221 1
85 34 1
85 258 1
85 199 1
85 133 1
85 147 1
85 73 1
85 86 2
85 141 2
85 128 1
85 75 1
85 255 2
85 68 2
85 257 1
85 127 2
85 306 1
424 11 1
424 381 1
424 343 2
424 258 2
424 75 3
424 73 1
424 77 1
424 88 5
424 141 3
424 384 2
424 412 1
424 181 2
424 259 1
424 40 1
424 306 1
424 419 1
424 217 1
424 262 1
424 296 1
424 147 1
424 398 2
424 330 1
424 32 1
424 120 4
424 71 1
424 329 1
424 252 1
424 69 1
424 133 2
424 44 1
424 240 2
424 334 1
424 368 1
411 87 2
411 308 1
411 121 1
411 368 1
411 381 1
411 262 1
411 390 1
411 255 1
411 77 1
411 88 1
411 44 2
411 23 1
411 398 1
411 330 1
184 343 1
184 34 1
184 127 1
184 116 1
184 60 1
147 255 1
147 257 1
147 32 1
147 127 3
147 248 1
147 358 2
147 384 2
147 120 1
147 199 1
147 12 1
147 135 1
147 118 1
147 133 1
147 313 1
147 44 5
147 368 4
147 47 1
147 60 3
147 181 3
147 128 3
147 62 2
147 412 2
147 217 1
147 306 1
147 227 1
147 240 2
147 87 3
147 334 3
147 178 4
147 33 1
147 343 4
147 116 2
147 228 2
147 258 2
147 75 3
147 296 1
147 73 3
147 272 1
147 77 2
147 88 5
147 329 1
147 34 1
147 23 2
147 157 2
147 269 1
147 390 1
147 392 1
147 86 2
147 141 3
147 154 2
147 253 1
147 387 1
255 181 1
255 124 1
255 88 4
255 141 1
255 291 1
255 135 1
255 70 1
255 306 1
255 272 1
255 228 1
255 258 1
255 69 1
255 282 1
255 73 1
255 44 1
255 154 1
255 368 3
255 381 1
255 343 1
255 262 1
255 75 1
296 221 2
296 257 1
296 121 1
296 334 3
296 259 1
296 272 2
296 215 1
296 368 1
296 329 3
296 343 3
296 252 1
296 23 2
296 228 1
296 258 1
296 75 2
296 390 3
296 222 2
296 88 9
296 181 3
296 302 1
296 122 2
296 141 2
296 314 1
296 135 1
296 67 1
296 240 1
296 253 5
296 44 1
296 178 1
296 233 2
296 306 1
296 358 2
296 198 1
296 217 1
296 113 1
296 398 1
296 330 1
296 47 1
296 220 1
296 60 1
296 120 1
296 269 2
296 392 1
296 154 1
296 14 1
296 227 3
296 77 1
334 118 6
334 398 1
334 330 5
334 47 1
334 181 5
334 241 1
334 62 2
334 305 2
334 358 1
334 37 1
334 221 1
334 60 3
334 120 2
334 34 2
334 412 2
334 199 1
334 252 3
334 69 1
334 133 1
334 227 6
334 44 4
334 178 1
334 127 5
334 272 3
334 33 1
334 154 3
334 157 1
334 88 3
334 343 2
334 240 1
334 387 3
334 121 1
334 215 4
334 368 2
334 257 4
334 381 3
334 259 2
334 153 1
334 258 6
334 329 1
334 75 2
334 384 1
334 322 1
334 12 2
334 122 2
334 390 1
334 141 2
334 313 1
334 314 1
334 73 1
334 86 3
334 128 1
334 253 2
334 357 1
334 40 1
334 233 1
334 217 3
334 351 2
334 102 2
334 266 1
118 306 2
118 240 2
118 277 1
118 258 4
118 75 1
118 33 1
118 343 2
118 390 1
118 37 1
118 88 2
118 141 1
118 272 2
118 19 1
118 23 1
118 157 1
118 40 1
118 135 1
118 257 3
118 392 1
118 73 3
118 128 1
118 253 2
118 60 3
118 120 2
118 127 1
118 116 1
118 305 1
118 188 1
118 252 2
118 69 1
118 227 2
118 44 2
118 368 1
118 181 1
118 62 1
69 44 2
69 257 1
69 88 1
69 343 1
69 347 1
69 217 1
69 19 4
69 153 1
69 141 1
69 384 1
69 60 2
69 120 1
69 135 1
69 252 1
69 258 5
69 73 2
69 128 2
69 75 1
69 77 1
69 178 1
69 387 1
69 127 1
69 116 1
69 358 1
69 50 1
69 305 1
69 309 1
69 157 1
69 86 1
11 73 1
11 141 1
11 384 1
11 86 1
11 233 1
11 272 1
11 306 1
11 258 3
11 71 1
11 44 1
11 75 1
88 62 3
88 75 5
88 317 1
88 358 6
88 306 3
88 141 5
88 240 5
88 253 5
88 387 4
88 60 5
88 308 3
88 120 4
88 68 1
88 199 2
88 257 4
88 229 2
88 252 6
88 233 2
88 127 4
88 133 4
88 14 1
88 227 5
88 44 9
88 178 1
88 116 2
88 305 1
88 23 4
88 217 4
88 304 1
88 121 1
88 398 4
88 215 2
88 221 3
88 113 1
88 34 3
88 368 5
88 47 4
88 181 3
88 291 2
88 412 3
88 381 2
88 343 14
88 348 1
88 277 1
88 228 2
88 258 4
88 40 1
88 390 1
88 322 1
88 222 2
88 31 2
88 73 7
88 86 2
88 33 2
88 154 5
88 77 3
88 90 1
88 384 9
88 37 1
88 226 1
88 347 1
88 329 4
88 259 3
88 272 9
88 327 3
88 19 2
88 153 3
88 87 5
88 198 1
88 12 2
88 135 1
88 269 2
88 124 1
88 392 4
88 313 2
88 330 2
88 128 2
62 122 1
62 133 1
62 354 1
62 33 1
62 329 1
62 215 1
62 412 2
62 12 1
62 308 1
62 128 1
62 181 2
62 32 1
62 358 1
62 68 1
62 199 1
62 233 1
62 227 2
62 44 4
62 272 1
62 23 1
62 240 2
62 342 1
62 398 2
62 34 1
62 368 1
62 313 1
62 343 2
62 348 1
62 228 1
62 75 1
62 229 1
62 390 1
62 73 3
368 116 1
368 358 2
368 252 2
368 120 2
368 122 1
368 221 2
368 181 2
368 302 2
368 412 1
368 330 2
368 73 3
368 233 1
368 32 1
368 154 2
368 343 3
368 398 1
368 354 1
368 226 1
368 215 1
368 248 1
368 83 1
368 272 3
368 19 2
368 227 1
368 44 1
368 87 1
368 34 1
368 231 1
368 23 1
368 217 1
368 12 1
368 240 1
368 141 1
368 317 1
368 258 1
368 253 2
368 387 2
368 257 1
368 178 2
368 127 1
116 392 1
116 302 1
116 258 1
116 75 1
116 73 1
116 68 1
116 320 1
116 329 1
116 154 1
116 46 1
116 120 1
116 145 1
116 252 1
116 44 1
116 78 1
116 272 1
116 240 1
308 12 1
308 67 2
308 390 1
308 313 1
308 181 1
308 86 1
308 128 1
308 253 3
308 178 2
308 306 1
308 127 1
308 226 1
308 120 1
308 141 2
308 221 1
308 342 1
308 34 1
308 60 1
308 133 1
308 392 1
308 227 1
308 44 2
308 154 3
308 387 2
308 217 1
308 259 1
308 272 1
308 327 1
308 153 1
308 87 4
308 329 1
308 258 1
308 384 1
257 19 2
257 75 2
257 128 3
257 23 1
257 73 3
257 12 2
257 269 1
257 354 1
257 258 2
257 252 2
257 233 1
257 306 2
257 227 1
257 44 3
257 178 1
257 127 1
257 330 1
257 32 2
257 120 3
257 122 1
257 133 4
257 329 2
257 141 1
257 154 1
257 121 1
257 387 1
19 153 2
19 398 4
19 330 1
19 305 1
19 358 2
19 141 1
19 258 5
19 37 1
19 90 1
19 124 2
19 252 3
19 233 1
19 133 1
19 44 3
19 178 1
19 272 1
19 157 1
19 217 1
19 127 1
19 240 2
19 121 1
19 387 2
19 313 1
19 343 4
19 277 2
19 75 2
19 390 2
19 322 1
19 222 1
19 73 1
19 122 1
19 384 1
19 33 4
19 412 2
19 327 2
19 342 1
329 124 1
329 313 2
329 153 3
329 381 2
329 181 2
329 302 2
329 73 3
329 75 1
329 306 1
329 253 4
329 330 2
329 55 1
329 178 2
329 233 2
329 127 1
329 358 1
329 226 1
329 347 1
329 120 1
329 227 1
329 44 3
329 272 5
329 221 2
329 113 1
329 34 1
329 240 1
329 40 1
329 229 1
329 154 4
329 343 1
329 390 1
329 128 1
329 222 1
329 354 1
329 87 1
329 384 1
329 199 1
329 12 1
329 14 1
329 269 1
124 178 1
124 259 1
124 343 3
124 262 1
124 221 1
124 253 1
124 240 1
124 398 1
124 228 1
40 384 1
40 199 1
40 133 1
40 227 1
40 258 1
40 381 1
40 73 1
40 128 1
40 240 1
40 343 1
40 127 1
40 322 1
40 412 1
40 327 1
40 154 2
40 113 1
40 220 1
40 272 1
40 120 2
40 153 2
327 199 1
327 12 1
327 262 1
327 269 1
327 313 1
327 330 1
327 73 2
327 128 2
327 304 1
327 44 2
327 121 1
327 181 2
327 157 1
327 381 1
327 154 2
327 343 2
327 347 1
327 215 1
327 259 1
327 272 2
327 206 1
327 342 1
327 70 1
199 269 1
199 330 2
199 358 1
199 252 2
199 44 3
199 272 1
199 47 1
199 181 1
199 291 1
199 215 1
199 343 1
199 258 2
199 75 1
199 141 1
199 86 1
199 412 1
75 265 1
75 127 3
75 358 2
75 305 1
75 412 1
75 347 1
75 227 2
75 178 2
75 221 1
75 157 1
75 348 1
75 392 4
75 44 1
75 37 2
75 33 1
75 154 1
75 343 2
75 71 1
75 215 2
75 217 1
75 259 1
75 272 2
75 153 1
75 87 2
75 384 1
75 23 2
75 252 1
75 133 1
75 67 1
75 269 1
75 313 1
75 60 1
75 181 3
75 73 2
75 128 1
75 141 1
75 277 1
75 306 1
75 240 1
75 253 1
75 241 1
75 242 1
306 320 1
306 384 2
306 133 4
306 354 1
306 86 1
306 258 3
306 60 3
306 73 1
306 141 2
306 253 1
306 351 1
306 68 1
306 266 1
306 181 1
306 127 1
306 32 1
306 120 2
306 412 3
306 252 1
306 221 1
306 34 2
306 227 1
306 44 2
306 178 2
306 272 1
306 153 1
306 348 1
306 215 1
306 381 1
306 343 1
306 228 1
306 83 1
306 322 1
73 253 1
73 387 1
73 86 1
73 412 2
73 178 3
73 12 1
73 127 3
73 358 2
73 252 6
73 217 1
73 262 1
73 398 4
73 330 3
73 221 2
73 113 1
73 47 1
73 34 1
73 181 1
73 32 1
73 157 1
73 120 2
73 31 1
73 44 6
73 233 2
73 33 1
73 154 2
73 343 5
73 14 1
73 227 1
73 226 1
73 215 2
73 240 1
73 259 1
73 272 3
73 87 1
73 384 1
73 228 1
73 258 5
73 269 1
73 390 1
73 60 1
73 141 1
73 77 1
384 198 1
384 351 2
384 253 1
384 262 1
384 330 1
384 248 1
384 358 1
384 241 1
384 252 2
384 282 2
384 227 1
384 44 1
384 47 1
384 60 1
384 181 2
384 291 1
384 240 1
384 398 1
384 154 3
384 381 1
384 343 4
384 258 1
384 322 2
384 272 1
384 87 1
384 12 1
384 392 1
86 258 2
86 128 3
86 141 1
86 253 2
86 387 1
86 227 1
86 68 1
86 127 1
86 252 1
86 122 1
86 343 1
86 228 1
86 240 1
86 233 1
86 154 1
86 398 1
86 217 1
86 153 1
86 262 1
86 87 3
86 221 1
86 390 1
258 44 4
258 178 1
258 357 1
258 358 2
258 37 1
258 305 1
258 347 1
258 217 2
258 153 1
258 83 1
258 87 2
258 221 1
258 330 2
258 23 1
258 157 1
258 269 2
258 220 2
258 392 3
258 60 4
258 333 1
258 71 1
258 141 2
258 154 3
258 343 5
258 252 3
258 122 2
258 133 4
258 387 3
258 227 1
258 68 3
258 215 1
258 259 1
258 272 4
258 127 5
258 12 3
258 67 1
258 381 1
258 135 1
258 277 5
258 313 1
258 181 4
258 128 4
258 304 1
258 240 1
258 253 3
258 373 1
258 314 2
258 33 2
153 87 2
153 34 4
153 113 1
153 398 1
153 390 3
153 392 1
153 141 1
153 317 1
153 120 2
153 253 3
153 387 1
153 252 2
153 133 1
153 178 3
153 14 1
153 44 3
153 248 1
153 358 1
153 23 1
153 241 1
153 121 1
153 381 1
153 302 1
153 412 1
153 227 1
153 348 1
153 240 2
153 154 2
153 67 1
153 37 1
153 233 1
153 272 1
262 272 1
262 248 1
262 133 1
262 128 1
262 44 2
262 87 3
262 221 1
262 23 1
262 291 1
262 412 1
262 269 1
262 392 2
262 154 3
262 387 1
262 68 1
358 154 1
358 343 2
358 90 1
358 226 1
358 228 1
358 128 1
358 87 2
358 23 1
358 12 1
358 269 1
358 390 1
358 392 1
358 60 1
358 198 1
358 387 3
358 330 1
358 32 1
358 120 2
358 252 2
358 282 1
358 221 1
358 44 2
358 181 2
358 157 1
358 227 1
358 240 2
358 398 2
135 392 1
135 128 1
135 141 1
135 248 1
135 252 1
135 412 1
135 44 2
135 240 1
135 23 2
135 343 1
135 302 1
135 83 1
135 221 1
135 34 2
135 269 1
181 387 2
181 259 1
181 127 1
181 302 2
181 120 3
181 381 2
181 133 2
181 379 1
181 330 4
181 128 1
181 141 2
181 253 2
181 354 1
181 363 1
181 252 3
181 233 2
181 14 1
181 227 2
181 44 5
181 178 2
181 23 1
181 240 1
181 87 2
181 398 1
181 32 1
181 343 1
181 390 1
181 392 1
181 322 2
181 222 1
181 154 3
181 122 1
387 241 1
387 120 3
387 252 1
387 14 1
387 44 4
387 134 2
387 23 1
387 102 1
387 32 1
387 277 2
387 272 1
387 392 2
387 322 1
387 299 1
387 67 1
387 259 2
387 77 1
387 34 1
387 128 1
299 379 1
299 154 1
299 87 1
299 23 1
299 390 1
379 287 1
379 90 1
379 55 1
379 248 1
253 120 3
253 381 3
253 217 1
253 233 3
253 266 1
253 398 3
253 330 2
253 269 1
253 60 1
253 87 1
253 252 2
253 14 1
253 227 4
253 44 3
253 272 1
253 31 1
253 154 4
253 343 5
253 302 1
253 68 1
253 198 1
253 228 1
253 127 1
253 390 3
253 322 1
253 222 1
392 154 5
392 229 1
392 233 1
392 227 2
392 178 1
392 272 1
392 240 1
392 87 1
392 398 1
392 330 1
392 47 1
392 12 1
392 343 1
392 401 1
392 133 1
392 347 1
392 141 1
392 354 1
317 398 1
317 113 1
317 227 1
317 121 2
317 381 1
154 145 2
154 309 1
154 220 3
154 37 1
154 250 1
154 60 1
154 120 1
154 333 5
154 229 1
154 401 1
154 282 2
154 233 1
154 227 3
154 44 2
154 178 5
154 127 2
154 272 2
154 206 1
154 23 2
154 289 1
154 240 2
154 221 2
154 251 1
154 34 3
154 215 5
154 302 2
154 381 5
154 313 1
154 343 1
154 228 5
154 98 4
154 390 2
154 128 3
154 322 5
154 405 2
154 77 4
154 350 1
154 122 1
154 141 1
154 354 1
154 414 1
154 314 1
154 265 4
154 348 2
154 412 1
154 293 1
154 31 1
154 244 1
154 65 2
154 95 1
154 259 1
154 238 1
154 198 1
154 321 1
154 281 1
154 232 3
154 102 1
154 113 1
154 398 4
154 330 6
154 47 1
154 260 1
154 211 4
154 241 1
154 32 1
269 227 2
269 217 1
269 240 2
269 398 1
269 330 1
269 343 1
269 120 1
269 322 1
269 252 1
269 33 1
269 44 2
269 178 2
269 390 1
190 220 1
190 206 1
190 242 1
190 363 1
190 144 1
220 44 1
220 277 1
220 373 1
220 272 1
220 87 1
330 217 1
330 259 1
330 87 2
330 313 1
330 128 1
330 141 3
330 240 1
330 127 1
330 120 1
330 122 1
330 47 1
330 157 1
330 291 2
330 348 1
330 44 5
330 222 1
330 343 3
266 215 1
266 272 1
266 12 1
266 44 1
215 281 1
215 32 1
215 120 2
215 23 1
215 157 1
215 252 2
215 233 1
215 44 1
215 240 2
215 68 1
215 381 1
215 343 1
215 12 1
215 141 1
215 33 1
215 272 1
145 46 1
145 238 1
145 232 1
398 226 1
398 272 2
398 87 3
398 221 1
398 23 1
398 128 1
398 228 1
398 390 1
398 127 2
398 252 1
398 120 1
398 313 1
398 47 1
398 302 1
398 227 1
398 44 3
398 343 4
241 121 1
241 343 1
241 228 1
241 309 1
241 227 1
241 231 2
228 44 1
228 178 1
228 87 1
228 47 1
228 291 1
228 412 2
228 348 1
228 343 1
228 90 1
228 83 1
228 272 1
228 240 2
44 157 1
44 120 1
44 322 1
44 227 3
44 348 1
44 133 2
44 31 1
44 14 1
44 343 5
44 77 3
44 37 2
44 289 1
44 259 4
44 304 1
44 217 1
44 272 7
44 87 4
44 252 1
44 23 1
44 12 2
44 67 2
44 122 1
44 381 1
44 60 1
44 33 1
44 128 3
44 141 3
44 282 1
44 233 1
44 68 1
44 178 4
44 127 5
44 240 1
44 226 1
44 347 1
44 47 1
44 221 1
44 34 2
390 233 3
390 178 2
390 227 1
390 272 3
390 252 1
390 122 2
390 47 1
390 289 1
390 412 1
390 238 1
390 226 1
390 240 1
390 87 8
390 34 1
390 343 1
390 313 1
390 128 1
272 87 2
272 217 1
272 34 1
272 37 1
272 60 1
272 120 1
272 401 1
272 252 2
272 68 2
272 122 1
272 133 1
272 227 5
272 23 1
272 381 1
272 198 1
272 343 4
272 128 1
272 322 1
272 222 2
272 240 1
272 77 2
272 141 1
272 67 1
272 178 1
87 252 1
87 122 1
87 127 2
87 23 1
87 240 2
87 302 1
87 381 2
87 343 1
87 128 1
87 322 1
87 412 1
87 229 1
87 233 1
87 227 1
87 178 1
226 343 1
226 322 1
226 233 1
226 227 1
226 240 1
263 267 1
263 309 1
263 238 1
267 287 1
267 401 1
122 412 1
122 121 1
122 221 1
122 23 1
122 141 1
122 259 1
122 322 1
122 305 1
122 47 1
47 381 1
47 221 1
90 231 1
90 415 1
231 120 1
231 322 1
231 337 1
231 380 2
231 244 1
231 12 1
231 339 1
231 350 1
231 141 1
231 238 1
231 242 2
231 46 1
231 345 1
217 240 1
217 342 1
217 141 2
217 252 2
217 127 1
217 343 2
217 67 1
217 348 1
217 412 1
412 240 2
412 68 1
412 343 3
412 259 1
412 322 1
412 77 1
412 113 1
412 206 1
412 342 1
412 120 1
412 157 1
113 240 1
113 381 1
113 120 1
120 33 1
120 343 4
120 37 1
120 347 1
120 133 2
120 67 1
120 233 1
120 227 1
120 128 1
120 141 1
120 68 2
120 221 1
120 259 1
120 127 2
120 32 1
120 252 1
120 60 1
120 291 1
120 348 1
60 67 1
60 198 1
60 128 3
60 12 1
60 133 3
60 141 1
60 252 1
60 282 1
60 233 2
60 227 2
60 127 1
60 240 2
60 343 1
178 23 1
178 157 1
178 381 1
178 68 1
178 259 1
178 127 1
178 12 1
178 233 1
178 343 5
178 347 1
178 302 1
178 221 1
302 127 1
302 304 1
302 343 2
302 67 1
302 282 1
302 233 1
302 14 1
302 32 1
302 128 1
302 240 1
302 222 1
302 68 1
127 322 1
127 33 1
127 67 1
127 12 2
127 227 2
127 240 1
127 252 1
127 133 1
127 305 1
127 259 1
401 74 1
362 114 1
362 281 1
362 55 1
114 130 2
114 175 1
114 94 1
114 307 2
114 43 1
114 420 1
114 1 3
114 225 1
114 189 3
114 170 4
114 149 6
114 281 1
114 51 2
114 7 1
114 55 19
114 5 1
114 218 1
114 395 2
114 197 1
114 97 1
114 261 1
114 219 2
114 230 1
133 240 1
133 198 1
133 33 1
133 343 2
133 141 1
133 157 1
133 12 2
133 227 2
133 128 1
133 259 1
292 55 2
292 281 3
292 361 1
55 356 1
55 173 1
55 286 1
55 24 2
55 216 1
55 97 1
55 280 1
55 359 2
55 131 1
55 1 8
55 80 2
55 195 1
55 225 2
55 110 3
55 189 2
55 170 4
55 336 1
55 104 1
55 168 1
55 149 9
55 179 3
55 370 7
55 400 1
55 281 14
55 49 1
55 213 1
55 53 2
55 247 1
55 28 2
55 162 1
55 264 1
55 294 5
55 275 2
55 92 1
55 156 2
55 26 1
55 403 2
55 7 5
55 284 1
55 165 1
55 105 1
55 5 4
55 218 4
55 312 8
55 50 1
55 395 6
55 84 1
55 197 4
55 361 2
55 25 1
55 48 3
55 261 3
55 212 3
55 93 5
55 172 5
55 123 1
55 374 4
55 325 1
55 236 1
55 4 1
55 138 1
55 27 1
55 72 1
55 91 2
55 383 1
55 2 1
55 0 1
55 219 5
55 230 4
55 51 1
55 100 1
55 130 1
55 30 1
55 243 1
55 407 1
55 175 2
55 288 1
283 281 2
12 128 2
12 351 1
12 202 1
12 68 1
12 32 1
12 141 2
12 347 1
12 252 3
12 20 1
12 425 1
12 381 1
12 343 1
12 33 1
12 322 1
12 18 1
221 240 1
221 343 1
221 259 1
221 381 2
221 252 1
221 233 2
221 227 2
130 225 1
130 281 4
322 342 1
322 348 1
322 128 1
227 23 1
227 291 1
227 31 1
227 141 2
227 343 4
227 77 1
227 68 2
227 252 2
227 313 2
227 381 2
227 304 1
227 229 1
227 233 2
227 222 1
227 342 1
227 34 4
23 141 1
23 343 2
23 252 1
23 121 1
23 381 1
23 304 1
343 248 1
343 252 3
343 233 3
343 14 2
343 34 2
343 157 1
343 291 1
343 289 1
343 240 3
343 121 1
343 141 2
343 33 1
343 381 1
343 37 1
343 222 3
343 83 1
343 77 1
343 229 1
343 259 1
343 313 1
248 304 1
313 259 1
313 252 1
313 282 1
313 240 1
313 304 1
313 121 2
32 141 1
32 68 2
32 348 1
157 240 1
157 268 1
157 238 1
157 363 1
252 381 1
252 37 1
252 233 2
252 67 1
252 240 2
252 242 1
252 68 2
351 128 3
351 240 1
351 68 1
351 233 1
351 34 1
240 348 1
240 33 1
240 77 2
240 141 1
240 233 1
240 347 1
37 233 1
37 34 1
141 259 1
141 305 1
141 67 1
141 128 2
141 14 1
14 291 1
14 34 1
291 121 1
291 419 1
281 428 2
281 196 2
281 219 4
281 230 1
281 51 1
281 294 3
281 111 1
281 13 1
281 164 1
281 194 2
281 407 1
281 7 2
281 41 1
281 367 1
281 318 1
281 420 1
281 331 2
281 20 1
281 312 1
281 316 1
281 395 1
281 84 1
281 370 6
281 186 1
281 216 1
281 97 5
281 48 3
281 261 1
281 280 1
281 210 2
281 427 2
281 195 1
281 274 1
281 225 1
281 110 1
281 189 1
281 402 1
281 353 1
281 170 1
281 406 1
281 6 1
281 149 4
281 179 1
281 30 1
281 202 1
281 183 3
281 213 1
281 307 2
281 79 1
281 162 1
281 9 1
281 24 6
281 155 1
281 156 2
281 137 1
281 410 1
281 403 1
281 284 1
281 214 1
281 359 1
281 218 4
281 169 4
281 180 5
281 197 3
281 148 1
281 391 1
281 25 1
281 372 1
281 212 1
281 93 3
281 336 1
281 104 1
281 236 1
281 138 3
281 49 1
173 18 1
233 128 1
30 225 1
30 167 1
30 370 1
30 0 2
59 155 1
59 323 1
155 172 1
155 409 1
155 142 1
155 323 2
155 10 1
155 366 1
155 213 1
155 326 1
155 403 1
155 0 1
155 80 1
155 410 1
361 97 1
361 374 1
361 427 1
361 76 1
361 189 2
361 336 1
361 9 1
361 43 1
361 137 1
361 403 1
361 169 1
361 16 1
361 370 1
361 261 2
361 166 1
361 219 1
361 367 1
196 168 1
348 121 1
407 353 1
381 67 1
381 121 1
224 301 1
224 214 1
224 7 1
224 372 1
370 427 1
370 110 1
370 189 1
370 168 1
370 9 1
370 397 1
370 310 1
370 374 1
370 166 1
370 307 1
370 256 1
121 128 1
67 128 1
67 342 1
77 222 1
128 380 1
128 34 1
128 304 1
34 134 1
34 304 1
34 363 1
34 259 1
34 198 3
34 98 1
50 148 1
50 347 1
50 169 1
50 212 1
148 261 1
148 123 1
148 72 1
148 20 1
148 63 1
148 214 1
148 179 1
148 158 1
337 74 1
337 363 1
337 415 1
347 363 1
347 68 1
426 18 1
188 363 1
363 52 1
363 415 1
363 65 1
363 74 1
219 410 1
374 168 1
374 273 1
168 278 1
168 18 1
168 420 1
24 167 1
230 391 1
230 111 1
230 218 1
230 167 1
230 112 1
409 404 1
409 0 1
404 328 1
404 323 1
339 380 1
339 206 2
197 214 1
197 273 1
197 0 1
214 336 1
214 395 1
214 218 1
380 260 1
380 52 2
380 129 1
380 268 1
380 242 3
282 304 1
111 353 1
111 167 1
13 18 1
156 0 1
156 389 1
0 403 1
0 146 1
0 359 1
0 213 1
0 28 2
0 397 1
0 420 1
0 161 1
0 6 1
0 15 1
389 280 1
389 359 1
389 285 1
304 102 1
22 242 1
427 273 1
52 238 1
211 206 2
7 395 1
7 167 1
7 115 1
7 301 1
167 210 1
167 195 1
167 18 1
167 165 1
167 16 1
167 187 1
242 65 1
242 46 2
84 273 1
273 359 1
273 402 1
328 323 1
420 225 1
207 18 1
421 18 1
18 104 1
18 316 1
18 163 1
18 48 1
18 183 1
18 162 1
18 137 1
83 144 1
144 323 1
359 395 1
301 395 1
410 79 1
410 336 1
410 218 1
46 208 1
225 213 1
225 16 1
323 29 2
323 38 2
323 388 1
323 82 1
323 142 1
323 10 1
395 8 1
74 376 1
238 151 1
400 353 1
